012301230123012301231021023
01010123232323010101
10320230102311023
30231023112200030231013
201012023102023130230231023101
02331002132001321013
231032102311302312300013
12030110210231302331
30102311010120
00213200130231130231002
02132001321002311010001321
20101202010123232331
1023110232311010123
0210231302101012023102313
31002132001321320013
23102021023110101200123
13023113023131102323
01321013231032102311021023110
30231230201012023102
023130230233100320
120301102102313023310213200132132102313
31002132001321013231302331
032102233012030
110210130233130102312023102
1010120231020213200122
023113023102132001321020
10023110102010120221
0232311023311010102023